0	0	0	1	-1
0	1	0	2	-1
0	2	0	3	-1
0	3	0	4	-1
0	4	0	5	-1
0	500	-1	6	-1
0	501	-1	7	-1
0	502	-1	8	-1
0	504	-1	9	-1
0	506	-1	10	-1
0	507	-1	11	-1
0	509	-1	12	-1
1	-1	1	502	1
2	0	0	13	-1
2	508	-1	14	-1
3	0	0	13	-1
3	508	-1	15	-1
4	0	0	13	-1
4	508	-1	16	-1
5	0	0	17	-1
5	510	-1	18	-1
6	-2	0	19	-1
6	5	0	20	-1
7	-1	1	500	1
8	0	0	21	-1
8	1	0	2	-1
8	2	0	3	-1
8	3	0	4	-1
8	4	0	5	-1
8	-1	1	501	1
8	505	-1	22	-1
8	506	-1	23	-1
8	507	-1	11	-1
8	509	-1	12	-1
9	0	0	24	-1
9	1	0	2	-1
9	2	0	3	-1
9	3	0	4	-1
9	4	0	5	-1
9	-1	1	501	1
9	502	-1	25	-1
9	506	-1	26	-1
9	507	-1	11	-1
9	509	-1	12	-1
10	-1	1	504	1
11	-1	1	506	1
12	-1	1	506	1
13	-1	1	508	1
14	-1	1	507	2
15	-1	1	507	2
16	-1	1	507	2
17	-1	1	510	1
18	-1	1	509	2
19	-1	2	-1	-1
20	0	0	1	-1
20	1	0	2	-1
20	2	0	3	-1
20	3	0	4	-1
20	4	0	5	-1
20	501	-1	27	-1
20	502	-1	8	-1
20	504	-1	9	-1
20	506	-1	10	-1
20	507	-1	11	-1
20	509	-1	12	-1
21	-1	1	505	1
22	0	0	28	-1
22	1	0	2	-1
22	2	0	3	-1
22	3	0	4	-1
22	4	0	5	-1
22	-1	1	501	2
22	506	-1	29	-1
22	507	-1	11	-1
22	509	-1	12	-1
23	-1	1	505	1
24	-1	1	503	1
25	0	0	21	-1
25	1	0	2	-1
25	2	0	3	-1
25	3	0	4	-1
25	4	0	5	-1
25	-1	1	501	1
25	505	-1	30	-1
25	506	-1	23	-1
25	507	-1	11	-1
25	509	-1	12	-1
26	-1	1	504	2
27	-1	1	500	3
28	-1	1	505	1
29	-1	1	505	2
30	0	0	28	-1
30	1	0	2	-1
30	2	0	3	-1
30	3	0	4	-1
30	4	0	5	-1
30	-1	1	501	3
30	506	-1	29	-1
30	507	-1	11	-1
30	509	-1	12	-1